0 1
1 1
2 5
3 1
4 5
5 10
6 187500
7 187500
8 187500
9 187500
10 187500
11 187500
12 187500
13 187500
14 1
15 10
16 10
17 10
18 2
19 3
20 1
21 1
22 1
23 1
24 1
25 1
26 1
27 1
28 3
29 3
30 6
31 6
32 3
33 3
34 3
35 200
36 3
37 3
38 3
39 1
40 2
41 6
42 16
43 40
44 200
45 7
46 12
47 95
48 60
49 60
50 23
51 23
52 1
53 1
54 50
55 50
56 80
57 80
58 160
59 160
60 100
61 100
62 320
63 320
64 200
65 200
66 640
67 640
68 400
69 400
70 1280
71 1280
72 800
73 800
74 10
75 12
76 1
77 5
78 2
79 1
80 1
81 1
82 1
83 15
84 15
85 1
86 12
87 12
88 6
89 6
90 5
91 3
92 3
93 5
94 5
95 11
96 11
97 20
98 20
99 25
100 25
101 40
102 40
103 48
104 48
105 54
106 54
107 65
108 65
109 70
110 70
111 25
112 25
113 14
114 14
115 13
116 13
117 13
118 13
119 11
120 11
121 12
122 12
123 9
124 9
125 6
126 6
127 88
128 88
129 66
130 66
131 44
132 44
133 120
134 120
135 90
136 90
137 60
138 60
139 152
140 152
141 114
142 114
143 76
144 76
145 180
146 180
147 135
148 135
149 90
150 90
151 200
152 200
153 150
154 150
155 100
156 100
157 220
158 220
159 165
160 165
161 110
162 110
163 264
164 264
165 198
166 198
167 132
168 132
169 288
170 288
171 216
172 216
173 144
174 144
175 288
176 288
177 216
178 216
179 144
180 144
181 288
182 288
183 216
184 216
185 144
186 144
187 144
188 144
189 175
190 175
191 150
192 150
193 125
194 125
195 1
196 1
197 20
198 20
199 1
200 1
201 1
202 1
203 1
204 1
205 1
206 1
207 1
208 1
209 1
210 1
211 1
212 1
213 1
214 1
215 1
216 1
217 1
218 1
219 1
220 1
221 3
222 3
223 7
224 7
225 7
226 7
227 2
228 2
229 2
230 2
231 10
232 10
233 4
234 4
235 20
236 20
237 20
238 20
239 10
240 10
241 52
242 52
243 50
244 50
245 1
246 1
247 1
248 1
249 3
250 3
251 5
252 5
253 11
254 11
255 20
256 20
257 25
258 25
259 40
260 40
261 48
262 48
263 54
264 54
265 65
266 65
267 70
268 70
269 75
270 75
271 1
272 1
273 1
274 1
275 1
276 3
277 3
278 3
279 3
280 1
281 1
282 1
283 1
284 50
285 50
286 40
287 40
288 40
289 40
290 2
291 5
292 2
293 1
294 1
295 1
296 1
297 1
298 1
299 200
300 3
301 20
302 20
303 5
304 5
305 20
306 20
307 5
308 5
309 5
310 5
311 5
312 5
313 3
314 2
315 5
316 5
317 5
318 5
319 15
320 15
321 15
322 15
323 1
324 1
325 10
326 10
327 10
328 10
329 50
330 50
331 50
332 50
333 20
334 20
335 20
336 20
337 50
338 50
339 25
340 25
341 25
342 25
343 1
344 1
345 15
346 15
347 15
348 15
349 25
350 25
351 25
352 25
353 17
354 17
355 17
356 17
357 1
358 1
359 100
360 100
361 100
362 100
363 120
364 120
365 120
366 120
367 1
368 1
369 1
370 1
371 200
372 200
373 200
374 200
375 1
376 1
377 150
378 150
379 150
380 150
381 1
382 1
383 300
384 300
385 300
386 300
387 1
388 1
389 500
390 500
391 500
392 500
393 1
394 1
395 500
396 500
397 500
398 500
399 1
400 1
401 2
402 2
403 2
404 2
405 50
406 50
407 200
408 200
409 5
410 5
411 112
412 112
413 1400
414 1400
415 10
416 0
417 1
418 1
419 1
420 1
421 10
422 1
423 1
424 1
425 1
426 5
427 5
428 5
429 5
430 40
431 30
432 1
433 1
434 1
435 1
436 3
437 3
438 3
439 3
440 17
441 17
442 75
443 75
444 150
445 150
446 150
447 162
448 162
449 400
450 400
451 3200
452 3200
453 45
454 45
455 10
456 10
457 10
458 10
459 10
460 10
461 10
462 10
463 10
464 1
465 1
466 1
467 1
468 1
469 1
470 1
471 1
472 17
473 17
474 43
475 43
476 107
477 107
478 1100
479 1100
480 1
481 1
482 139
483 139
484 499
485 499
486 1299
487 1299
488 3199
489 3199
490 31999
491 31999
492 1
493 1
494 0
495 0
496 0
497 0
498 0
499 0
500 10
501 10
502 18
503 18
504 43
505 43
506 427
507 427
508 15
509 15
510 55
511 55
512 199
513 199
514 383
515 383
516 519
517 519
518 1279
519 1279
520 12799
521 12799
522 1
523 1
524 1
525 1
526 1
527 1
528 1
529 1
530 1
531 1
532 1
533 1
534 1
535 1
536 1
537 1
538 30
539 30
540 40
541 40
542 30
543 30
544 40
545 40
546 40
547 40
548 30
549 30
550 1
551 1
552 35
553 1
554 4
555 4
556 4
557 4
558 3
559 3
560 180
561 180
562 90
563 240
564 50
565 400
566 300
567 100
568 100
569 300
570 300
571 300
572 300
573 300
574 300
575 300
576 300
577 15
578 15
579 2
580 2
581 13
582 13
583 10
584 10
585 10
586 10
587 1
588 1
589 1
590 1
591 1
592 2
593 2
594 4
595 4
596 4
597 4
598 10
599 1
600 3
601 1
602 1
603 3
604 1
605 1
606 1
607 1
608 1
609 1
610 1
611 1
612 1
613 1
614 1
615 1
616 1
617 1
618 1
619 5
620 5
621 5
622 5
623 1
624 1
625 5
626 200
627 200
628 200
629 200
630 200
631 200
632 200
633 200
634 200
635 200
636 180
637 180
638 180
639 180
640 180
641 180
642 180
643 180
644 180
645 180
646 180
647 180
648 180
649 180
650 180
651 180
652 180
653 180
654 180
655 180
656 160
657 160
658 160
659 160
660 160
661 160
662 160
663 160
664 160
665 160
666 3
667 200
668 3
669 1
670 1
671 1
672 1
673 1
674 1
675 1
676 1
677 1
678 1
679 1
680 1
681 1
682 1
683 1
684 1
685 1
686 1
687 1
688 1
689 1
690 1
691 1
692 1
693 1
694 1
695 1
696 1
697 1
698 1
699 1
700 1
701 1
702 1
703 1
704 1
705 1
706 1
707 1
708 1
709 1
710 1
711 1
712 1
713 1
714 1
715 1
716 1
717 1
718 1
719 1
720 10
721 700
722 700
723 700
724 700
725 700
726 700
727 2
728 1
729 1
730 1
731 1
732 1
733 1
734 1
735 1
736 1
737 1
738 1
739 1
740 2
741 1
742 1
743 1
744 1
745 1
746 1
747 1
748 1
749 1
750 1
751 1
752 1
753 1
754 1
755 5
756 1
757 1
758 1
759 1
760 1
761 5
762 1
763 1
764 1
765 1
766 1
767 4
768 4
769 1
770 1
771 15
772 15
773 2025
774 2175
775 1
776 1
777 1
778 1
779 1
780 1
781 1
782 1
783 2
784 2
785 2
786 2
787 2
788 1
789 1
790 1
791 1
792 1
793 1
794 2
795 2
796 1
797 1
798 1
799 1
800 3
801 7
802 26
803 70
804 176
805 440
806 1
807 2
808 10
809 25
810 65
811 350
812 1
813 2
814 10
815 25
816 65
817 350
818 1
819 1
820 3
821 5
822 12
823 36
824 175
825 4
826 6
827 24
828 64
829 160
830 400
831 4
832 6
833 24
834 64
835 160
836 400
837 70
838 70
839 80
840 80
841 50
842 50
843 100
844 100
845 160
846 160
847 320
848 320
849 200
850 200
851 640
852 640
853 400
854 400
855 1280
856 1280
857 800
858 800
859 2560
860 2560
861 1600
862 1600
863 3
864 1
865 11
866 27
867 66
868 167
869 19
870 1
871 3
872 10
873 27
874 18
875 66
876 166
877 0
878 0
879 7
880 13
881 200
882 1
883 1
884 3
885 3
886 12
887 12
888 32
889 32
890 80
891 80
892 400
893 400
894 1
895 1
896 1
897 1
898 1
899 1
900 1
901 1
902 1
903 1
904 1
905 1
906 1
907 1
908 1
909 1
910 1
911 1
912 1
913 1
914 1
915 1
916 1
917 1
918 1
919 1
920 1
921 1
922 1
923 1
924 1
925 1
926 1
927 1
928 1
929 1
930 1
931 1
932 1
933 1
934 1
935 1
936 1
937 1
938 1
939 1
940 1
941 1
942 10
943 0
944 0
945 1
946 6
947 6
948 10
949 10
950 30
951 30
952 3
953 3
954 18
955 18
956 1
957 1
958 50
959 50
960 1
961 1
962 1
963 1
964 1
965 1
966 1
967 1
968 1
969 1
970 10
971 10
972 1
973 45
974 45
975 40
976 40
977 1
978 1
979 1
980 1
981 12
982 12
983 1
984 1
985 1
986 1
987 1
988 1
989 1
990 1
991 1
992 1
993 1
994 1
995 1
996 1
997 1
998 1
999 1
